111111111111111111111111111111111111111111111111111111111111111111111111111111111111111111111111111111111111111111111111111111111111111111111111111111111111111111111111111
111111111111111111111111111111111111111111111111111111111111111111111111111111111111111111111000000000000000000000111111111111111111111111111111111111111111111111111111111
111111111111111111111111111111111111111111111111111111111111111111111111111111111111111111111000000000000000000000111111111111111111111111111111111111111111111111111111111
111111111111111111111111111111111111111111111111111111111111111111111111111111111111111111111000000000000000000000111111111111111111111111111111111111111111111111111111111
111111111111111111111111111111111111111111111111111111111111111111111111111111111111111111111000000000000000000000111111111111111111111111111111111111111111111111111111111
111111111111111111111111111111111111111111111111111111111111111111111111111111111111111111111000000000000000000000111111111111111111111111111111111111111111111111111111111
111111111111111111111111111111111111111111111111111111111111111111111111111111111111111111111000000000000000000000111111111111111111111111111111111111111111111111111111111
111111111111111111111111111111111111111111111111111111111111111111111111111111111111111111111000000000000000000000111111111111111111111111111111111111111111111111111111111
111111111111111111111111111111111111111111111111111111111111111111111111111111111111111111111000000000000000000000111111111111111111111111111111111111111111111111111111111
111111111111111111111111111111111111111111111111111111111111111111111111111111111111111111111000000000000000000000111111111111111111111111111111111111111111111111111111111
111111111111111111111111111111111111111111111111111111111111111111111111111111111111111111111000000000000000000000111111111111111111111111111111111111111111111111111111111
111111111111111111111111111111111111111111111111111111111111000000000000000000001111111111111000000000000000000000111111111111111111111111111111111111111111111111111111111
111111111111111111111111111111111111111111111111111111111110000000000000000000000111111111111000000000000000000000111111111111111111111111111111111111111111111111111111111
111111111111111111111111111111111111111111111111111111111110000000000000000000000111111111111000000000000000000000111111111111111111111111111111111111111111111111111111111
111111111111111111111111111111111111111111111111111111111110000000000000000000000111111111111000000000000000000000111111111111111111111111111111111111111111111111111111111
111111111111111111111111111111111111111111111111111111111110000000000000000000000111111111111000000000000000000000111111111111111111111111111111111111111111111111111111111
111111111111111111111111111111111111111111111111111111111110000000000000000000000111111111111000000000000000000000111111111111111111111111111111111111111111111111111111111
111111111111111111111111111111111111111111111111111111111110000000000000000000000111111111111000000000000000000000111111111111111111111111111111111111111111111111111111111
111111111111111111111111111111111111111111111111111111111110000000000000000000000111111111111000000000000000000000111111111111111111111111111111111111111111111111111111111
111111111111111111111111111111111111111111111111111111111110000000000000000000000111111111111000000000000000000000111111111111111111111111111111111111111111111111111111111
111111111111111111111111111111111111111111111111111111111110000000000000000000000111111111111000000000000000000000111111111111111111111111111111111111111111111111111111111
111111111111111111111111111111111111111111111111111111111110000000000000000000000111111111111000000000000000000000111111111111111111111111111111111111111111111111111111111
111111111111111111111111111111111111111111111111111111111110000000000000000000000111111111111111111111111111111111111111111111111111111111111111111111111111111111111111111
111111111111111111111111111111111111111111111111111111111110000000000000000000000111111111111111111111111111111111111111111111111111111111111111111111111111111111111111111
111111111111111111111111111111111111111111111111111111111110000000000000000000000111111111111111111111111111111111111111111111111111111111111111111111111111111111111111111
111111111111111111111111111111111111111111111111111111111110000000000000000000000111111111111111111111111111111111111111111111111111111111111111111111111111111111111111111
111111111111111111111111111111111111111111111111111111111110000000000000000000000111111111111111111111111111111111111111111111111111111111111111111111111111111111111111111
111111111111111111111111111111111111111111111111111111111110000000000000000000000111111111111111111111111111111111111111111111111111111111111111111111111111111111111111111
111111111111111111111111111111111111111111111111111111111110000000000000000000000111111111111111111111111111111111111111111111111111111111111111111111111111111111111111111
111111111111111111111111111111111111111111111111111111111110000000000000000000000111111111111111111111111111111111111111111111111111111111111111111111111111111111111111111
111111111111111111111111111111111111111111111111111111111110000000000000000000000111111111111111111111111111111111111111111111111111111111111111111111111111111111111111111
111111111111111111111111111111111111111111111111111111111110000000000000000000000111111111111111111111111111111111111111111111111111111111111111111111111111111111111111111
111111000000000000000000000111111111111111111111111111111111111111111111111111110000000000000000000000111111111111111111111111111111111111111111111111111111111111111111111
111111000000000000000000000111111111111111111111111111111111111111111111111111110000000000000000000000111111111111111111111111111111111111111111111111111111111111111111111
111111000000000000000000000111111111111111111111111111111111111111111111111111110000000000000000000000111111111111111111111111111111111111111111111111111111111111111111111
111111000000000000000000000111111111111111111111111111111111111111111111111111110000000000000000000000111111111111111111111111111111111111111111111111111111111111111111111
111111000000000000000000000111111111111111111111111111111111111111111111111111110000000000000000000000111111111111111111111111111111111111111111111111111111111111111111111
111111000000000000000000000111111111111111111111111111111111111111111111111111110000000000000000000000111111111111111111111111111111111111111111111111111111111111111111111
111111000000000000000000000111111111111111111111111111111111111111111111111111110000000000000000000000111111111111111111111111111111111111111111111111111111111111111111111
111111000000000000000000000111111111111111111111111111111111111111111111111111110000000000000000000000111111111111111111111111111111111111111111111111111111111111111111111
111111000000000000000000000111111111111111111111111111111111111111111111111111110000000000000000000000111111111111111111111111111111111111111111111111111111111111111111111
111111000000000000000000000111111111111111111111111111111111111111111111111111110000000000000000000000111111111111111111111111111111111111111111111111111111111111111111111
111111000000000000000000000111111111111111111111111111111111111111111111111111110000000000000000000000111111111111111111111111111111111111111111111111111111111111111111111
111111000000000000000000000111111111111111111111111111111111111111111111111111110000000000000000000000111111111111111111111111111111111111111111111111111111111111111111111
111111000000000000000000000111111111111111111111111111111111111111111111111111110000000000000000000000111111111111111111111111111111111111111111111111111111111111111111111
111111000000000000000000000111111111111111111111111111111111111111111111111111110000000000000000000000111111111111111111111111111111111111111111111111111111111111111111111
111111000000000000000000000111111111111111111111111111111111111111111111111111110000000000000000000000111111111111111111111111111111111111111111111111111111111111111111111
111111000000000000000000000111111111111111111111111111111111111111111111111111110000000000000000000000111111111111111111111111111111111111111111111111111111111111111111111
111111000000000000000000000111111111111111111111111111111111111111111111111111110000000000000000000000111111111111111111111111111100000000000000000000001111111111111111111
111111000000000000000000000111111111111111111111111111111111111111111111111111110000000000000000000000111111111111111111111111111100000000000000000000001111111111111111111
111111000000000000000000000111111111111111111111111111111111111111111111111111110000000000000000000001111111111111111111111111111100000000000000000000001111111111111111111
111111000000000000000000000111111111111111111111111111111111111111111111111111110000000000000000000000111111111111111111111111111100000000000000000000001111111111111111111
111111000000000000000000000111111111111111111111111111111111111111111111111111110000000000000000000000111111111111111111111111111100000000000000000000001111111111111111111
111111111111111111111111111111111111111111111111111111111111111111111111111111111111111111111111111111111111111111111111111111111100000000000000000000001111111111111111111
111111111111111111111111111111111111111111111111111111111111111111111111111111111111111111111111111111111111111111111111111111111100000000000000000000001111111111111111111
111111111111111111111111111111111111111111111111111111111111111111111111111111111111111111111111111111111111111111111111111111111100000000000000000000001111111111111111111
111111111111111111111111111111111111111111111111111111111111111111111111111111111111111111111111111111111111111111111111111111111100000000000000000000001111111111111111111
111111111111111111111111111111111111111111111111111111111111111111111111111111111111111111111111111111111111111111111111111111111100000000000000000000001111111111111111111
111111111111111111111111111111111111111111111111111111111111111111111111111111111111111111111111111111111111111111111111111111111100000000000000000000001111111111111111111
111111111111111111111111111111111111111111111111111111111111111111111111111111111111111111111111111111111111111111111111111111111100000000000000000000001111111111111111111
111111111111111111111111111111111111111111111111111111111111111111111111111111111111111111111111111111111111111111111111111111111100000000000000000000001111111111111111111
111111111111111111111111111111111111111111111111111111111111111111111111111111111111111111111111111111111111111111111111111111111100000000000000000000001111111111111111111
111111111111111111111111111111111111111111111111111111111111111111111111111111111111111111111111111111111111111111111111111111111100000000000000000000001111111111111111111
111111111111111111111111111111111111111111111111111111111111111111111111111111111111111111111111100000000000000000000011111111111100000000000000000000001111111111111111111
111111111111111111111111111111111111111111111111111111111111111111111111111111111111111111111111100000000000000000000011111111111100000000000000000000011111111111111111111
111111111111111111111111111111111111111111111111111111111111111111111111111111111111111111111111100000000000000000000011111111111100000000000000000000001111111111111111111
111111111111111111111111111111111111111111111111111111111111111111111111111111111111111111111111100000000000000000000011111111111100000000000000000000001111111111111111111
111111111111111111111111111111111111111111111111111111111111111111111111111111111111111111111111100000000000000000000011111111111100000000000000000000001111111111111111111
111111111111111111111111111111111111111111111111111111111111111111111111111111111111111111111111100000000000000000000011111111111100000000000000000000011111111111111111111
111111111111111111111111111111111111111111111111111111111111111111111111111111111111111111111111100000000000000000000011111111111111111111111111111111111111111111111111111
111111111111111111111111111111111111111111111111111111111111111111111111111111111111111111111111100000000000000000000011111111111111111111111111111111111111111111111111111
111111111111111111111111111111111111111111111111111111111111111111111111111111111111111111111111100000000000000000000011111111111111111111111111111110000000000000000000000
111111111111111111111111111111111111111111111111111111111111111111111111111111111111111111111111100000000000000000000011111111111111111111111111111110000000000000000000000
111111111111111111111111111111111111111111111111111111111111111111111111111111111111111111111111100000000000000000000011111111111111111111111111111110000000000000000000000
111111111111111111111111111110000000000000000000001111111111111111111111111111111111111111111111100000000000000000000011111111111111111111111111111110000000000000000000000
111111111111111111111111111110000000000000000000001111111111111111111111111111111111111111111111100000000000000000000011111111111111111111111111111110000000000000000000000
111111111111111111111111111110000000000000000000001111111111111111111111111111111111111111111111100000000000000000000011111111111111111111111111111110000000000000000000000
111111111111111111111111111110000000000000000000001111111111111111111111111111111111111111111111100000000000000000000011111111111111111111111111111110000000000000000000000
111111111111111111111111111110000000000000000000001111111111111111111111111111111111111111111111100000000000000000000011111111111111111111111111111110000000000000000000000
111111111111111111111111111110000000000000000000001111111111111111111111111111111111111111111111100000000000000000000011111111111111111111111111111110000000000000000000000
111111111111111111111111111110000000000000000000001111111111111111111111111111111111111111111111100000000000000000000011111111111111111111111111111110000000000000000000000
111111111111111111111111111110000000000000000000001111111111111111111111111111111111111111111111100000000000000000000011111111111111111111111111111110000000000000000000000
111111111111111111111111111110000000000000000000001111111111111111111111111111111111111111111111100000000000000000000011111111111111111111111111111110000000000000000000000
111111111111111111111111111110000000000000000000001111111111111111111111111111111111111111111111100000000000000000000011111111111111111111111111111110000000000000000000000
111111111111111111111111111110000000000000000000001111111111111111111111111111111111111111111111111111111111111111111111111111111111111111111111111110000000000000000000000
111111111111111111111111111110000000000000000000001111111111111111111111111111111111111111111111111111111111111111111111111111111111111111111111111110000000000000000000000
111111111111111111111111111110000000000000000000001111111111111111111111111111111111111111111111111111111111111111111111111111111111111111111111111110000000000000000000000
111111111111111111111111111110000000000000000000001111111111111111111111111111111111111111111111111111111111111111111111111111111111111111111111111110000000000000000000000
111111111111111111111111111110000000000000000000001111111111111111111111111000000000000000000000111111111111111111111111111111111111111111111111111110000000000000000000000
111111111111111111111111111110000000000000000000001111111111111111111111111000000000000000000000111111111111111111111111111111111111111111111111111110000000000000000000000
111111111111111111111111111110000000000000000000001111111111111111111111111000000000000000000000111111111111111111111111111111111111111111111111111110000000000000000000000
111111111111111111111111111110000000000000000000001111111111111111111111111000000000000000000000111111111111111111111111111111111111111111111111111110000000000000000000000
000000000000000000000011111110000000000000000000001111111111111111111111111000000000000000000000111111111111111111111111111111111111111111111111111111111111111111111111111
000000000000000000000011111110000000000000000000001111111111111111111111111000000000000000000000111111111111111111111111111111111111111111111111111111111111111111111111111
000000000000000000000111111110000000000000000000001111111111111111111111111000000000000000000000111111111111111111111111111111111111111111111111111111111111111111111111111
000000000000000000000011111111111111111111111111111111111111111111111111111000000000000000000000111111111111111111111111111111111111111111111111111111111111111111111111111
000000000000000000000011111111111111111111111111111111111111111111111111111000000000000000000000111111111111111111111111111111111111111111111111111111111111111111111111111
000000000000000000000011111111111111111111111111111111111111111111111111111000000000000000000000111111111111111111111111111111111111111111111111111111111111111111111111111
000000000000000000000011111111111111111111111111111111111111111111111111111000000000000000000000111111111111111111111111111111111111111111111111111111111111111111111111111
000000000000000000000011111111111111111111111111111111111111111111111111111000000000000000000000111111111111111111111111111111111111111111111111111111111111111111111111111
000000000000000000000011111111111111111111111111111111111111111111111111111000000000000000000000111111111111111111111111111111111111111111111111111111111111111111111111111
000000000000000000000011111111111111111111111111111111111111111111111111111000000000000000000000111111111111111111111111111111111111111111111111111111111111111111111111111
000000000000000000000011111111111111111111111111111111111111111111111111111000000000000000000000111111111111111111111111111111111111111111111111111111111111111111111111111
000000000000000000000011111111111111111111111111111111111111111111111111111000000000000000000000111111111111111111111111111111111111111111111111111111111111111111111111111
000000000000000000000011111111111111111111111111111111111111111111111111111000000000000000000000111111111111111111111111111111111111111111111111111111111111111111111111111
000000000000000000000011111111111111111111111111111111111111111111111111111000000000000000000000111111111111111111111111111111111111111111111111111111111111111111111111111
000000000000000000000011111111111111111111111111111111111111111111111111111000000000000000000000111111111111111111111111111111111111111111111111111111111111111111111111111
000000000000000000000011111111111111111111111111111111111111111111111111111000000000000000000000100100000000000000010111111111111111111111111111111111111111111111111111111
000000000000000000000011111111111111111111111111111111111111111111111111111000000000000000000000100000000000000000000011111111111111111111111111111111111111111111111111111
000000000000000000000011111111111111111111111111111111111111111111111111111111111111111111111111100000000000000000000011111111111111111111111111111111111111111111111111111
000000000000000000000011111111111111111111111111111111111111111111111111111111111111111111111111100000000000000000000011111111111100000000000000000000001111111111111111111
000000000000000000000011111111111111111111111111111111111111111111111111111111111111111111111111100000000000000000000011111111111100000000000000000000001111111111111111111
000000000000000000000111111111111111111111111111111111111111111111111111111111111111111111111111100000000000000000000011111111111100000000000000000000001111111111111111111
111111111111111111111111111111111111111111111111111111111111111111111111111111111111111111111111100000000000000000000011111111111100000000000000000000001111111111111111111
111111111111111111111111111111111111111111111111111111111111111111111111111111111111111111111111100000000000000000000011111111111100000000000000000000001111111111111111111
111111111111111111111111111111111111111111111111111111111111111111111111111111111111111111111111100000000000000000000011111111111100000000000000000000001111111111111111111
111111111111111111111111111111111111111111111111111111111111111111111111111111111111111111111111100000000000000000000011111111111100000000000000000000001111111111111111111
111111111111111111111111111111111111111111111111111111111111111111111111111111111111111111111111100000000000000000000011111111111100000000000000000000001111111111111111111
111111111111111111111111111111111111111111111111111111111111111111111111111111111111111111111111100000000000000000000011111111111100000000000000000000001111111111111111111
111111111111111111111111111111111111111111111111111111111111111111111111111111111111111111111111100000000000000000000011111111111100000000000000000000001111111111111111111
111111111111111111111111111111111111111111111111111111111111111111111111111111111111111111111111100000000000000000000011111111111100000000000000000000001111111111111111111
111111111111111111111111111111111111111111111111111111111111111111111111111111111111111111111111100000000000000000000011111111111100000000000000000000001111111111111111111
111111111111111111111111111111111111111111111111111111111111111111111111111111111111111111111111100000000000000000000011111111111100000000000000000000001111111111111111111
111111111111111111111111111111111111111111111111111111111111111111111111111111111111111111111111100000000000000000000011111111111100000000000000000000001111111111111111111
111111111111111111111111111111111111111111111111111111111111111111111111111111111111111111111111100000000000000000000011111111111100000000000000000000001111111111111111111
111111111111111111111111111111111111111111111111111111111111111111111111111111111111111111111111100000000000000000000011111111111100000000000000000000001111111111111111111
111111111111111111111111111111111111111111111111111111111111111111111111111111111111111111111111100000000000000000000011111111111100000000000000000000001111111111111111111
111111111111111111111111111111111111111111111111111111111111111111111111111111111111111111111111100000000000000000000011111111111100000000000000000000001111111111111111111
111111111111111111111111111111111111111111111111111111111111111111111111111111111111111111111111100000000010001000000111111111111100000000000000000000001111111111111111111
111111111111111111111111111111111111111111111111111111111111111111111111111111111111111111111111111111111111111111111111111111111100000000000000000000001111111111111111111
111111111111111111111111111111111111111111111111111111100000000000000000000111111111111111111111111111111111111111111111111111111100000000000000000000011111111111111111111
111111111111111111111111111111111111111111111111111111100000000000000000000011111111111111111111111111111111111111111111111111111111111111111111111111111111111111111111111
111111111111111111111111111111111111111111111111111111100000000000000000000011111111111111111111111111111111111111111111111111111111111111111111111111111111111111111111111
111111111111111111111111111111111111111111111111111111100000000000000000000011111111111111111111111111111111111111111111111111111111111111111111111111111111111111111111111
111111111111111111111111111111111111111111111111111111100000000000000000000011111111111111111111111111111111111111111111111111111111111111111111111111111111111111111111111
111111111111111111111111111111111111111111111111111111100000000000000000000011111111111111111111111111111111111000000000000000000000111111111111111111111111111111111111111
111111111111111111111111111111111111111111111111111111100000000000000000000011111111111111111111111111111111111000000000000000000000111111111111111111111111111111111111111
111111111111111111111111111111111111111111111111111111100000000000000000000011111111111111111111111111111111111000000000000000000000111111111111111111111111111111111111111
111111111111111111111111111111111111111111111111111111100000000000000000000011111111111111111111111111111111111000000000000000000000111111111111111111111111111111111111111
111111111111111111111111111111111111111111111111111111100000000000000000000011111111111111111111111111111111111000000000000000000000111111111111111111111111111111111111111
111111111111111111111111111111111111111111111111111111100000000000000000000011111111111111111111111111111111111000000000000000000000111111111111111111111111111111111111111
111111111111111111111111111111111111111111111111111111100000000000000000000011111111111111111111111111111111111000000000000000000000111111111111111111111111111111111111111
111111111111111111111111111111111111111111111111111111100000000000000000000011111111111111111111111111111111111000000000000000000000111111111111111111111111111111111111111
111111111111111111111111111111111111111111111111111111100000000000000000000011111111111111111111111111111111111000000000000000000000111111111111111111111111111111111111111
111111111111111111111111111111111111111111111111111111100000000000000000000011111111111111111111111111111111111000000000000000000000111111111111111111111111111111111111111
111111111111111111111111111111111111111111111111111111100000000000000000000011111111111111111111111111111111111000000000000000000000111111111111111111111111111111111111111
111111111111111111111111111111111111111111111111111111100000000000000000000011111111111111111111111111111111111000000000000000000000111111111111111111111111111111111111111
111111111111111111111111111111111111111111111111111111100000000000000000000011111111111111111111111111111111111000000000000000000000111111111111111111111111111111111111111
111111111111111111111111111111111111111111111111111111100000000000000000000011111111111111111111111111111111111000000000000000000000111111111111111111111111111111111111111
111111111111111111111111111111111111111111111111111111100000000000000000000011111111111111111111111111111111111000000000000000000000111111111111111111111111111111111111111
111111111111111111111111111111111111111111111111111111100000000000000000000011111111111111111111111111111111111000000000000000000000111111111111111111111111111111111111111
111111111101000000000000001001111111111111111111111111100000000000000000000011111111111111111111111111111111111000000000000000000000111111111111111111111111111111111111111
111111111000000000000000000000011111111111111111111111111111111111111111111111111111111111111111111111111111111000000000000000000000111111111111111111111111111111111111111
111111111000000000000000000000011111111111111111111111111111111111111111111111111111111111111111111111111111111000000000000000000000111111111111111111111111111111111111111
111111111000000000000000000000011111111111111111111111111111111111111111111111111111111111111111111111111111111000000000000000000000111111111111111111111111111111111111111
111111111000000000000000000000011111111111111111111111111111111111111111111111111111111111111111111111111111111000000000000000000000111111111111111111111111111111111111111
111111111000000000000000000000011111111111111111111111111111111111111111111111111111111111111111111111111111111111111111111111111111111111111111111111111111111111111111111
111111111000000000000000000000011111111111111111111111111111111111111111111111111111111111111111111111111111111111111111111111111111111111111111111111111111111111111111111
111111111000000000000000000000011111111111111111111111111111111111111111111111111111111111111111111111111111111111111111111111111111111111111111111111111111111111111111111
111111111000000000000000000000011111111111111111111111111111111111111111111111111111111111111111111111111111111111111111111111111111111111111111111111111111111111111111111
111111111000000000000000000000011111111111111111111111111111111111111111111111111111111111111111111111111111111111111111111111111111111111111111111111111111111111111111111
111111111000000000000000000000011111111111111111111111111111111111111111111111111111111111111111111111111111111111111111111111111111111111111111111111111111111111111111111
111111111000000000000000000000011111111111111111111111111111111111111111111111111111111111111111111111111111111111111111111111111111111111111111111111111111111111111111111
111111111000000000000000000000011111111111111111111111111111111111111111111111111111111111111111111111111111111111111111111111111111111111111111111111111111111111111111111
111111111000000000000000000000011111111111111111111111111111111111111111111111111111111111111111111111111111111111111111111111111111111111111111111111111111111111111111111
111111111000000000000000000000011111111111111111111111111111111111111111111111111111111111111111111111111111111111111111111111111111111111111111111111111111111111111111111
111111111000000000000000000000011111111111111111111111111111111111111111111111111111111111111111111111111111111111111111111111111111111111111111111111111111111111111111111
111111111000000000000000000000011111111111111111111111111111111111111111111111111111111111111111111111111111111111111111111111111111111111111111111111111111111111111111111
111111111000000000000000000000011111111111111111111111111111111111111111111111111111111111111111111111111111111111111111111111111111111111111111111111111111111111111111111
111111111000000000000000000000011111111111111111111111111111111111111111111111111111111111111111111111111111111111111111111111111111111111111111111111111111111111111111111
111111111000000000000000000000111111111111111111111111111111111111111111111111111111111111111111111111111111111111111111111111111111111111111111111111111111111111111111111
111111111000000000000000000000011111111111111111111111111111111111111111111111111111111111111111111111111111111111111111111111111111111111111111111111111111111111111111111
111111111101000000000000000000111111111111111111111111111111111111111111111111111111111111111111111111111111111111111111111111111111111111111111111111111111111111111111111