111111111111111111111111111111111111111111111111111111111111111111111111111111111111111111111000000000000000000000111111111111111111111111111111111111111111111111111111111
100000000000000000000011111111111111111111111111111111111111111111111111111111111111111111111000000000000000000000111111111111111111111111111111111111111111111111111111111
000000000000000000000011111111111111111111111111111111111111111111111111111111111111111111111000000000000000000000111111111111111111111111111111111111111111111111111111111
000000000000000000000011111111111111111111111111111111111111111111111111111111111111111111111000000000000000000000111111111111111111111111111111111111111111111111111111111
000000000000000000000011111111111111111111111111111111111111111111111111111111111111111111111000000000000000000000111111111111111111111111111111111111111111111111111111111
000000000000000000000011111111111111111111111111111111111111111111111111111111111111111111111000000000000000000000111111111111111111111111111111111111111111111111111111111
000000000000000000000011111111111111111111111111111111111111111111111111111111111111111111111000000000000000000000111111111111111111111111111111111111111111111111111111111
000000000000000000000011111111111111111111111111111111111111111111111111111111111111111111111000000000000000000000111111111111111111111111111111111111111111111111111111111
000000000000000000000011111111111111111111111111111111111111111111111111111111111111111111111000000000000000000000111111111111111111111111111111111111111111111111111111111
000000000000000000000011111111111111111111111111111111111111111111111111111111111111111111111000000000000000000000111111111111111111111111111111111111111111111111111111111
000000000000000000000011111111111111111111111111111111111111111111111111111111111111111111111000000000000000000000111111111111111111111111111111111111111111111111111111111
000000000000000000000011111111111111111111111111111111111110001000000000000000011111111111111000000000000000000000111111111110000000000000000000111111111111111111111111111
000000000000000000000011111111111111111111111111111111111110000000000000000000001111111111111000000000000000000000111111111110000000000000000000001111111111111111111111111
000000000000000000000011111111111111111111111111111111111110000000000000000000001111111111111000000000000000000000111111111110000000000000000000001111111111111111111111111
000000000000000000000011111111111111111111111111111111111110000000000000000000001111111111111000000000000000000000111111111110000000000000000000001111111111111111111111111
000000000000000000000011111111111111111111111111111111111110000000000000000000001111111111111000000000000000000000111111111110000000000000000000001111111111111111111111111
000000000000000000000011111111111111111111111111111111111110000000000000000000001111111111111000000000000000000000111111111110000000000000000000001111111111111111111111111
000000000000000000000011111111111111111111111111111111111110000000000000000000001111111111111000000000000000000000111111111110000000000000000000001111111111111111111111111
000000000000000000000011111111111111111111111111111111111110000000000000000000001111111111111000000000000000000000111111111110000000000000000000001111111111111111111111111
000000000000000000000011111111111111111111111111111111111110000000000000000000001111111111111000000000000000000000111111111110000000000000000000001111111111111111111111111
000000000000000000000011111111111111111111111111111111111110000000000000000000001111111111111000000000000000000000111111111110000000000000000000001111111111111111111111111
000000000000000000000011111111111111111111111111111111111110000000000000000000001111111111111111111111111111111111111111111110000000000000000000001111111111111111111111111
111111111111111111111111111111111111111111111111111111111110000000000000000000001111111111111111111111111111111111111111111110000000000000000000001111111111111111111111111
111111111111111111111111111111111111111111111111111111111110000000000000000000001111111111111111111111111111111111111111111110000000000000000000001111111111111111111111111
111111111111111111111111111111111111111111111111111111111110000000000000000000001111111111111111111111111111111111111111111110000000000000000000001111111111111111111111111
111111111111111111111111111111111111111111111111111111111110000000000000000000001111111111111111111111111111111111111111111110000000000000000000001111111111111111111111111
111111111111111111111111111111111111111111111111111111111110000000000000000000001111111111111111111111111111111111111111111110000000000000000000001111111111111111111111111
111111111111111111111111111111111111111111111111111111111110000000000000000000001111111111111111111111111111111111111111111110000000000000000000001111111111111111111111111
111111111111111111111111111111111111111111111111111111111110000000000000000000001111111111111111111111111111111111111111111110000000000000000000001111111111111111111111111
111111111111111111111111111111111111111111111111111111111110000000000000000000001111111111111111111111111111111111111111111110000000000000000000001111111111111111111111111
111111111111111111111111111111111111111111111111111111111110000000000000000000001111111111111111111111111111111111111111111110000000000000000000001111111111111111111111111
111111111111111111111111111111111111111111111111111111111110000000000000000000001111111111111111111111111111111111111111111110000000000000000000001111111111111111111111111
111111111111111111111111111111111111111111111111111111111110000000000000000000001111111111111111111111111111111111111111111110000000000000000000001111111111111111111111111
111111111111111111111111111111111111111111111111111111111111111111111111111111111111111111111111111111111111111111111111111111111111111111111111111111111111111111111111111
111111111111111111111111111111111111111111111111111111111111111111111111111111111111111111111111111111111111111111111111111111111111111111111111111111111111111111111111111
111111111111111000000000000000000000111111111111111111111111111111111111111111111111111111111111111111111111111111111111111111111111111111111111111111111111111111111111111
111111111111110000000000000000000000111111111111111111111111111111111111111111111111111111111111111111111111111111111111111111111111111111111111111111111111111111111111111
111111111111111000000000000000000000111111111111111111111111111111111111111111111111111111111111111111111111111111111111111111111111111111111111111111111111111111111111111
111111111111110000000000000000000000111111111111111111111111111111111111111111111100000000000000000000111111111111111111111111111111111111111111111111111111111111111111111
111111111111110000000000000000000000111111111111111111111111111111111111111111111000000000000000000000011111111111111111111111111111111111111111111111111111111111111111111
111111111111110000000000000000000000111111111111111111111111111111111111111111111000000000000000000000011111111111111111111111111111111111111111111111111111111111111111111
111111111111110000000000000000000000111111111111111111111111111111111111111111111000000000000000000000011111111111111111111111111111111111111111111111111111111111111111111
111111111111110000000000000000000000111111111111111111111111111111111111111111111000000000000000000000011111111111111111111111111111111111111111111111111111111111111111111
111111111111110000000000000000000000111111111111111111111111111111111111111111111000000000000000000000011111111111111111111111111111111111111111111111111111111111111111111
111111111111110000000000000000000000111111111111111111111111111111111111111111111000000000000000000000011111111111111111111111111111111111111111111111111111111111111111111
111111111111110000000000000000000000111111111111111111111111111111111111111111111000000000000000000000011111111111111111111111111111111111111111111111111111111111111111111
111111111111110000000000000000000000111111111111111111111111111111111111111111111000000000000000000000011111111111111111111111111111111111111111111111111111111111111111111
111111111111110000000000000000000000111111100000000000000000000001111111111111111000000000000000000000011111111111111111111111111111111111111111111111111111111111111111111
111111111111110000000000000000000000111111100000000000000000000001111111111111111000000000000000000000011111111111111111111110000000000000000000011111111111111111111111111
111111111111110000000000000000000000111111100000000000000000000001111111111111111000000000000000000000011111111111111111111110000000000000000000001111111111111111111111111
111111111111110000000000000000000000111111100000000000000000000001111111111111111000000000000000000000011111111111111111111110000000000000000000001111111111111111111111111
111111111111110000000000000000000000111111100000000000000000000001111111111111111000000000000000000000011111111111111111111110000000000000000000001111111111111111111111111
111111111111110000000000000000000000111111100000000000000000000001111111111111111000000000000000000000011111111111111111111110000000000000000000001111111111111111111111111
111111111111110000000000000000000000111111100000000000000000000001111111111111111000000000000000000000011111111111111111111110000000000000000000001111111111111111111111111
111111111111110000000000000000000000111111100000000000000000000001111111111111111000000000000000000000011111111111111111111110000000000000000000001111111111111111111111111
111111111111110000000000000000000000111111100000000000000000000001111111111111111000000000000000000000011111111111111111111110000000000000000000001111111111111111111111111
111111111111111111111111111111111111111111100000000000000000000001111111111111111000000000000000000000011111111111111111111110000000000000000000001111111111111111111111111
111111111111111111111111111111111111111111100000000000000000000001111111111111111100000000000000000000111111111111111111111110000000000000000000001111111111111111111111111
111111111111111111111111111111111111111111100000000000000000000001111111111111111000000000000000000000011111111111111111111110000000000000000000001111111111111111111111111
111111111111111111111111111111111111111111100000000000000000000001111111111111111111111111111111111111111111111111111111111110000000000000000000001111111111111111111111111
111111111111111111111111111111111111111111100000000000000000000001111111111111111111111111111111111111111111111111111111111110000000000000000000001111111111111111111111111
111111111111111111111111111111111111111111100000000000000000000001111111111111111111111111111111111111111111111111111111111110000000000000000000001111111111111111111111111
111111111111111111111111111111111111111111100000000000000000000001111111111111111111111111111111111111111111111111111111111110000000000000000000001111111111111111111111111
111111111111111111111111111111111111111111100000000000000000000001111111111111111111111111111111111111111111111111111111111110000000000000000000001111111111111111111111111
111111111111111111111111111111111111111111100000000000000000000001111111111111111111111111111111111111111111111111111111111110000000000000000000001111111111111111111111111
111111111111111111111111111111111111111111100000000000000000000001111111111111111111111111111111111111111111111111111111111110000000000000000000001111111111111111111111111
111111111111111111111111111111111111111111100000000000000000000001111111111111111111111111111111111111111111111111111111111110000000000000000000001111111111111111111111111
111111111111111111111111111111111111111111100000000000000000000001111111111111111111111111111111111111111111111111111111111110000000000000000000001111111111111111111111111
111111111111111111111111111111111111111111111111111111111111111111111111111111111111111111111111111111111111111111111111111110000000000000000000001111111111111111111111111
111111111111111111111111111111111111111111111111111111111111111111110100000000000000000011111111110000100000000001000011111110000000000000000000001111111111111111111111111
111111111111111111111111111111111111111111111111111111111111111111100000000000000000000011111111100000000000000000000001111111111111111111111111111111111111111111111111111
111111111111111111111111111111111111111111111111111111111111111111100000000000000000000011111111100000000000000000000001111111111111111111111111111111111111111111111111111
111111111111111111111111111111111111111111111111111111111111111111100000000000000000000011111111100000000000000000000001111111111111111111111111111110000000000000000000000
111111111111111111111111111111111111111111111111111111111111111111100000000000000000000011111111100000000000000000000001111111111111111111111111111110000000000000000000000
111111111111111111111111111111111111111111111111111111111111111111100000000000000000000011111111100000000000000000000001111111111111111111111111111110000000000000000000000
111111111111111111111111111110000000000000000000001111111111111111100000000000000000000011111111100000000000000000000001111111111111111111111111111110000000000000000000000
111111111111111111111111111110000000000000000000001111111111111111100000000000000000000011111111100000000000000000000001111111111111111111111111111110000000000000000000000
111111111111111111111111111110000000000000000000001111111111111111100000000000000000000011111111100000000000000000000001111111111111111111111111111110000000000000000000000
111111111111111111111111111110000000000000000000001111111111111111100000000000000000000011111111100000000000000000000001111111111111111111111111111110000000000000000000000
111111111111111111111111111110000000000000000000001111111111111111100000000000000000000011111111100000000000000000000001111111111111111111111111111110000000000000000000000
111111111111111111111111111110000000000000000000001111111111111111100000000000000000000011111111100000000000000000000001111111111111111111111111111110000000000000000000000
111111111111111111111111111110000000000000000000001111111111111111100000000000000000000011111111100000000000000000000001111111111111111111111111111110000000000000000000000
111111111111111111111111111110000000000000000000001111111111111111100000000000000000000011111111100000000000000000000001111111111111111111111111111110000000000000000000000
111111111111111111111111111110000000000000000000001111111111111111100000000000000000000011111111100000000000000000000001111111111111111111111111111110000000000000000000000
111111111111111111111111111110000000000000000000001111111111111111100000000000000000000011111111100000000000000000000001111111111111111111111111111110000000000000000000000
111111111111111111111111111110000000000000000000001111111111111111100000000000000000000011111111100000000000000000000001111111111111111111111111111110000000000000000000000
111111111111111111111111111110000000000000000000001111111111111111100000000000000000000011111111100000000000000000000001111111111111111111111111111110000000000000000000000
111111111111111111111111111110000000000000000000001111111111111111100000000000000000000011111111100000000000000000000001111111111111111111111111111110000000000000000000000
111111111111111111111111111110000000000000000000001111111111111111100000000000000000000011111111110000000000000000000011111111111111111111111111111110000000000000000000000
111111111111111111111111111110000000000000000000001111111111111111100000000000000000000011111111100000000000000000000001111111111111111111111111111110000000000000000000000
111111111111111111111111111110000000000000000000001111111111111111100000000000000000000011111111110000000000000000000011111111111111111111111111111110000000000000000000000
111111111111111111111111111110000000000000000000001111111111111111111111111111111111111111111111111111111111111111111111111111111111111111111111111110000000000000000000000
100100000000000000000111111110000000000000000000001111111111111111111111111111111111111111111111111111111111111111111111111111111111111111111111111110000000000000000000001
000000000000000000000011111110000000000000000000001111111111111111111111111111111111111111111111111111111111111111111111111111111111111111111111111111111111111111111111111
000000000000000000000011111110000000000000000000001111111111111111111111111111111111111111111111111111111111111111111111111111111111111111111111111111111111111111111111111
000000000000000000000011111110000000000000000000001111111111111111111111111111111111111111111111111111111111111111111111111111111111111111111111111111111111111111111111111
000000000000000000000011111111111111111111111111111111111111111111111111111111111111111111111111111111111111111111111111111111111111111111111111111111111111111111111111111
000000000000000000000011111111111111111111111111111111111111111111111111111111100000000000000000000111111111111111111111111111111111111111111111111111111111111111111111111
000000000000000000000011111111111111111111111111111111111111111111111111111111000000000000000000000011111111111111111111111111111111111111111111111111111111111111111111111
000000000000000000000011111111111111111111111111111111111111111111111111111111000000000000000000000011111111111111111111111111111111111111111111111111111111111111111111111
000000000000000000000011111111111111111111111111111111111111111111111111111111000000000000000000000011111111111111111111111111111111111111111111111111111111111111111111111
000000000000000000000011111111111111111111111111111111111111111111111111111111000000000000000000000011111111111000000000000000000000111111111111111111111111111111111111111
000000000000000000000011111111111111111111111111111111111111111111111111111111100000000000000000000011111111111000000000000000000000111111111111111111111111111111111111111
000000000000000000000011111111111111111111111111111111111111111111111111111111000000000000000000000011111111111000000000000000000000111111111111111111111111111111111111111
000000000000000000000011111111111111111111111111111111111111111111111111111111000000000000000000000011111111111000000000000000000000111111111111111111111111111111111111111
000000000000000000000011111111111111111111111111111111111111111111111111111111000000000000000000000011111111111000000000000000000000111111111111111111111111111111111111111
000000000000000000000011111111111111111111111111111111111111111111111111111111000000000000000000000011111111111000000000000000000000111111111111111111111111111111111111111
000000000000000000000011111111111111111111111111111111111111111111111111111111000000000000000000000011111111111000000000000000000000111111111111111111111111111111111111111
000000000000000000000011111111111111111111111111111111111111111111111111111111000000000000000000000011111111111000000000000000000000111111111111111111111111111111111111111
000000000000000000000011111111111111111111111111111111111111111111111111111111000000000000000000000011111111111000000000000000000000111111111111111100000000000000000000011
000000000000000000000011111111111111111111111111111111111111111111111111111111000000000000000000000011111111111000000000000000000000111111111111111100000000000000000000011
000000000000000000000011111111111111111111111111111111111111111111111111111111000000000000000000000011111111111000000000000000000000111111111111111100000000000000000000011
000000000000000000000011111111111111111111111111111111111111111111111111111111000000000000000000000011111111111000000000000000000000111111111111111100000000000000000000011
100000001000010000010111111111111111111111111111111111111111111111111111111111100000000000000000000011111111111000000000000000000000111111111111111100000000000000000000011
111111111111111111111111111111111111111111111111111111111111111111111111111111000000000000000000000011111111111000000000000000000000111111111111111100000000000000000000011
111111111111111111111111111111111111111111111111111111111111111111111111111111100000000000000000000011111111111000000000000000000000111111111111111100000000000000000000011
111111111111111111111111111111111111111111111111111111111111111111111111111111000000000000000000000011111111111000000000000000000000111111111111111100000000000000000000011
111111111111111111111111111111111111111111111111100000000000000000000011111111000000000000000000000011111111111000000000000000000000111111111111111100000000000000000000011
111111111111111111111111111111111111111111111111100000000000000000000011111111111111111111111111111111111111111000000000000000000000111111111111111100000000000000000000011
111111111111110000000000000000000001111111111111100000000000000000000011111111111111111111111111111111111111111000000000000000000000111111111111111100000000000000000000011
111111111111100000000000000000000001111111111111100000000000000000000011111111111111111111111111111111111111111000000000000000000000111111111111111100000000000000000000011
111111111111100000000000000000000001111111111111100000000000000000000011111111111111111111111111111111111111111000000000000000000000111111111111111100000000000000000000011
111111111111100000000000000000000001111111111111100000000000000000000011111111111111111111111111111111111111111111111111111111111111111111111111111100000000000000000000011
111111111111100000000000000000000001111111111111100000000000000000000011111111111111111111111111111111111111111111111111111111111111111111111111111100000000000000000000011
111111111111100000000000000000000001111111111111100000000000000000000011111111111111111111111111111111111111111111111111111111111111111111111111111100000000000000000000011
111111111111100000000000000000000001111111111111100000000000000000000011111111111111111111111111111111111111111111111111111111111111111111111111111100000000000000000000011
111111111111100000000000000000000001111111111111100000000000000000000011111111111111111111111111111111111111111111111111111111111111111111111111111100000000000000000000011
111111111111100000000000000000000001111111111111100000000000000000000011111111111111111111111111111111111111111111111111111111111111111111111111111100000000000000000000011
111111111111100000000000000000000001111111111111100000000000000000000011111111111111111111111111111111111111111111111111111111111111111111111111111100000000000000000000011
111111111111100000000000000000000001111111111111100000000000000000000011111111111111111111111111111111111111111111111111111111111111111111111111111100000000000000000000011
111111111111100000000000000000000001111111111111100000000000000000000011111111111111111111111111111111111111111111111111111111111111111111111111111111111111111111111111111
111111111111100000000000000000000001111111111111100000000000000000000011111111111111110000000000000000000001111111111111111111111111111111111111111111111111111111111111111
111111111111100000000000000000000001111111111111100000000000000000000011111111111111110000000000000000000001111111111111111111111111111111111111111111111111111111111111111
111111111111100000000000000000000001111111111111100000000000000000000011111111111111110000000000000000000001111111111111111111111111111111111111111111111111111111111111111
111111111111100000000000000000000001111111111111100000000000000000000011111111111111110000000000000000000001111111111111111111111111111111111111111111111111111111111111111
111111111111100000000000000000000001111111111111100000000000000000000011111111111111110000000000000000000001111111111111111111111111111111111111111111111111111111111111111
111111111111100000000000000000000001111111111111100000000000000000000011111111111111110000000000000000000001111111111111111111111111111111111111111111111111111111111111111
111111111111100000000000000000000001111111111111100000000000000000000011111111111111110000000000000000000001111111111111111111111111111111111111111111111111111111111111111
111111111111100000000000000000000001111111111111111111111111111111111111111111111111110000000000000000000001111111111111000000000000000000001111111111111111111111111111111
111111111111100000000000000000000001111111111111111111111111111111111111111111111111110000000000000000000001111111111110000000000000000000000111111111111111111111111111111
111111111111110100000000000000000011111111111111111111111111111111111111111111111111110000000000000000000001111111111110000000000000000000000111111111111111111111111111111
111111111111111111111111111111111111111111111111111111111111111111111111111111111111110000000000000000000001111111111110000000000000000000000111111111111111111111111111111
111111111111111111111111111111111111111111111111111111111111111111111111111111111111110000000000000000000001111111111110000000000000000000000111111111111111111111111111111
111111111111111111111111111111111111111111111111111111111111111111111111111111111111110000000000000000000001111111111110000000000000000000000111111111111111111111111111111
111111111111111111111111111111111111111111111111111111111111111111111111111111111111110000000000000000000001111111111110000000000000000000000111111111111111111111111111111
111111111111111111111111111111111111111111111111111111111111111111111111111111111111110000000000000000000001111111111110000000000000000000000111111111111111111111111111111
111111111111111111111111111111111111111111111111111111111111111111111111111111111111110000000000000000000001111111111110000000000000000000000111111111111111111111111111111
111111111111111111111111111111111111111111111111111111111111111111111111111111111111110000000000000000000001111111111110000000000000000000000111111111111111111111111111111
111111111111111111111111111111111111111111111111111111111111111111111111111111111111110000000000000000000001111111111110000000000000000000000111111111111111111111111111111
111111111111111111111111111111111111111111111111111111111111111111111111111111111111110000000000000000000001111111111110000000000000000000000111111111111111111111111111111
111111111111111111111111111111111111111111111111111111111111111111111111111111111111110000000000000000000001111111111110000000000000000000000111111111111111111111111111111
111111111111111111111111111111111111111111111111111111111111111111111111111111111111110000000000000000000001111111111110000000000000000000000111111111111111111111111111111
111111111111111111111111111111111111111111111111111111111111111111111111111111111111111111111111111111111111111111111110000000000000000000000111111111111111111111111111111
111111111111111111111111111111111111111111111111111111111111111111111111111111111111111111111111111111111111111111111110000000000000000000000111111111111111111111111111111
111111111111111111111111111111111111111111111111111111111111111111111111111111111111111111111111111111111111111111111111000000000000000000000111111111111111111111111111111
111111111111111111111111111111111111111111111111111111111111111111111111111111111111111111111111111111111111111111111110000000000000000000000111111111111111111111111111111
111111111111111111111111111111111111111111111111111111111111111111111111111111111111111111111111111111111111111111111110000000000000000000000111111111111111111111111111111
111111111111111111111111111111111111111111111111111111111111111111111111111111111111111111111111111111111111111111111110000000000000000000000111111111111111111111111111111
111111111111111111111111111111111111111111111111111111111111111111111111111111111111111111111111111111111111111111111110000000000000000000000111111111111111111111111111111
111111111111111111111111111111111111111111111111111111111111111111111111111111111111111111111111111111111111111111111111000000000000000000001111111111111111111111111111111
