1111111111111111111111111111111111111111111111111111111111111111111111111111111111111111111111111111111111111111111111111111111111111111111111111111111111111111111111111111111
1111111111111111111111111111111111111111111111111111111111111111111111111111111111111111111111111111111111111111111111111111111111111000000000000000000000111111111111111111111
1111111111111111111111111111111111111111111111111111111111111111111111111111111111111111111111111111111111111111111111111111111111111000000000000000000000111111111111111111111
1111111111111111111111111111111111111111111111111111111111111111111111111111111111111111111111111111111111111111111111111111111111110000000000000000000000111111111111111111111
1111111111111111111111111111111111111111111111111111111111111111111111111111111111111111111111111111111111111111111111111111111111110000000000000000000000111111111111111111111
1111000000000000000000000111111111111111111111111111111111111111111111111111111111111111111111111111111111111111111111111111111111110000000000000000000001111111111111111111111
1111000000000000000000000111111111111111111111111111111111111111111111110000000000000000000001111111111111111111111111111111111111110000000000000000000000111111111111111111111
1111000000000000000000000111111111111111111111111111111111111111111111100000000000000000000001111111111111111111111111111111111111111000000000000000000000111111111111111111111
1111000000000000000000000111111111111111111111111111111111111111111111100000000000000000000001111111111111111111111111111111111111110000000000000000000000111111111111111111111
1111000000000000000000000111111111111111111111111111111111111111111111100000000000000000000001111111111111111111111111111111111111110000000000000000000000111111111111111111111
1111000000000000000000000111111111111111111111111111111111111111111111100000000000000000000001111111111111111111111111111111111111110000000000000000000000111111111111111111111
1111000000000000000000000111111111111111111111111111111111111111111111100000000000000000000001111111111111111111111111111111111111110000000000000000000000111111111111111111111
1111000000000000000000000111111111111111111111111111111111111111111111100000000000000000000001111111111111111111111111111111111111110000000000000000000000111111111111111111111
1111000000000000000000000111111111111111111111111111111111111111111111100000000000000000000001111111111111111111111111111111111111110000000000000000000000111111111111111111111
1111000000000000000000000111111111111111111111111111111111111111111111100000000000000000000001111111111111111111111111111111111111110000000000000000000000111111111111111111111
1111000000000000000000000111111100000000000000000000011111111111111111100000000000000000000001111111111111111111111111111111111111110000000000000000000000111111111111111111111
1111000000000000000000000111111100000000000000000000011111111111111111100000000000000000000001111111111111111111111111111111111111110000000000000000000000111111111111111111111
1111000000000000000000000111111100000000000000000000011111111111111111100000000000000000000001111111111111111111111111111111111111110000000000000000000000111111111111111111111
1111000000000000000000000111111100000000000000000000011111111111111111100000000000000000000001111111111111111111111111111111111111110000000000000000000000111111111111111111111
1111000000000000000000000111111100000000000000000000011111111111111111100000000000000000000001111111111111111111111111111111111111110000000000000000000001111111111111111111111
1111000000000000000000000111111100000000000000000000011111111111111111100000000000000000000001111111111111111111111111111111111111110000000000000000000000111111111111111111111
1111000000000000000000000111111100000000000000000000011111111111111111100000000000000000000001111111111000000000000000000001111111111000000000000000000001111111111111111111111
1111000000000000000000000111111100000000000000000000011111111111111111100000000000000000000001111111110000000000000000000001111111111111111111111111111111111111111111111111111
1111000000000000000000000111111100000000000000000000011111111111111111100000000000000000000001111111110000000000000000000001111111111111111111111111111111111111111111111111111
1111000000000000000000000111111100000000000000000000011111111111111111100000000000000000000001111111110000000000000000000001111111111111111111111111111111111111111111111111111
1111000000000000000000000111111100000000000000000000011111111111111111100000000000000000000001111111110000000000000000000001111111111111111111111111111111111111111111111111111
1111000000000000000000000111111100000000000000000000011111111111111111100000000000000000000001111111110000000000000000000001111111111111111111111111111111111111111111111111111
1111111111111111111111111111111100000000000000000000011111111111111111111111111111111111111111111111110000000000000000000001111111111111111111111111111111111111111111111111111
1111111111111111111111111111111100000000000000000000011111111111111111111111111111111111111111111111110000000000000000000001111111111111111111111111111111111111111111111111111
1111111111111111111111111111111100000000000000000000011100000000000000000000011111111111111111111111110000000000000000000001111111111111111111111111111111111111111111111111111
1111111111111111111111111111111100000000000000000000011100000000000000000000011111111111111111111111110000000000000000000001111111111111111111111111001000000000000000000111111
1111111111111111111111111111111100000000000000000000011100000000000000000000011111111111111111111111110000000000000000000001111111111111111111111111000000000000000000000111111
1111111100000000000000000000001100000000000000000000011100000000000000000000011111111111111111111111110000000000000000000001111111111111111111111111000000000000000000000111111
1111111100000000000000000000001100000000000000000000011100000000000000000000011100000000000000000000010000000000000000000001111111111111111111111111000000000000000000000111111
1111111100000000000000000000001100000000000000000000011100000000000000000000011100000000000000000000010000000000000000000001111111111111111111111111000000000000000000000111111
1111111100000000000000000000001100000000000000000000011100000000000000000000011100000000000000000000010000000000000000000001111111111111111111111111000000000000000000000111111
1111111100000000000000000000001111111111111111111111111100000000000000000000011100000000000000000000010000000000000000000001111111111111111111111111000000000000000000000111111
1111111100000000000000000000001111111111111111111111111100000000000000000000011100000000000000000000010000000000000000000001111111111111111111111111000000000000000000000111111
1111111100000000000000000000001111111111111111111111111100000000000000000000011100000000000000000000010000000000000000000001111111111111111111111111000000000000000000000111111
1111111100000000000000000000001111111111111111111111111100000000000000000000011100000000000000000000010000000000000000000001111111111111111111111111000000000000000000000111111
1111111100000000000000000000001111111111111111111111111100000000000000000000011100000000000000000000010000000000000000000001111111111111111111111111000000000000000000000111111
1111111100000000000000000000001111111111111111111111111100000000000000000000011100000000000000000000010000000000000000000001111111111111111111111111000000000000000000000111111
1111111100000000000000000000001111111111111111111111111100000000000000000000011100000000000000000000010000000000000000000001111111111111111111111111000000000000000000000111111
1111111100000000000000000000001111111111111111111111111100000000000000000000011100000000000000000000011111111111111111111111111111111111111111111111000000000000000000000111111
1111111100000000000000000000001111111111111111111111111100000000000000000000011100000000000000000000011111111111111111111111111111111111111111111111000000000000000000000111111
1111111100000000000000000000001111111111111111111111111100000000000000000000011100000000000000000000011111111110000000000000000000000111111111111111000000000000000000000111111
1111111100000000000000000000001111111111111111111111111100000000000000000000011100000000000000000000011111111110000000000000000000000111111111111111000000000000000000000111111
1111111100000000000000000000001111111111111111111111111100000000000000000000011100000000000000000000011111111110000000000000000000000111111111111111000000000000000000000111111
1111111100000000000000000000001111111111111111111111111100000000000000000000011100000000000000000000011111111110000000000000000000000111111111111111000000000000000000000111111
1111111100000000000000000000001111111111111111111111111100000000000000000000011100000000000000000000011111111110000000000000000000000111111111111111000000000000000000000111111
1111111100000000000000000000011111111111111111111111111100000000000000000100011100000000000000000000011111111110000000000000000000000111111111111111000000000000000000000111111
1111111100000000000000000000001111111111111111111111111111111111111111111111111100000000000000000000011111111110000000000000000000000111111111111111000000000000000000000111111
1111111100000000000000000000001111111111111111111111111111111111111111111111111100000000000000000000011111111110000000000000000000000111111111111111111111111111111111111111111
1111111111111111111111111111111111111111111111111111111111111111111111111111111100000000000000000000011111111110000000000000000000000111111111111111111111111111111111111111111
1111111111111111111111111111111111111111111111111111111111111111111111111111111100000000000000000000011111111110000000000000000000000111111111111111111111111111111111111111111
1111111111111111111111111111111111111111111111111111111111111111111111111111111111111111111111111111111111111110000000000000000000000111111111111111111111111111111111111111111
1111111111111111111111111111111111111111111111111111111111111111111111111111111111111111111111111111111111111110000000000000000000000111111111111111111111111111111111111111111
1111111111111111111111111000000000000000001001111111111111111111111111111111111111111100000000000000000000011110000000000000000000000111110000000000000000000011111111111111111
1111111111111111111111111000000000000000000000111111111111111111111111111111111111111100000000000000000000011111000000000000000000000111100000000000000000000001111111111111111
1111111111111111111111111000000000000000000000111111111111111111111111111111111111111100000000000000000000011110000000000000000000000111100000000000000000000001111111111111111
1111111111111111111111111000000000000000000000111111111111111111111111111111111111111100000000000000000000011110000000000000000000000111100000000000000000000001111111111111111
1111111111111111111111111000000000000000000000111111111111111111111111111111111111111100000000000000000000011110000000000000000000000111100000000000000000000001111111111111111
1111111111111111111111111000000000000000000000111111111111111111111111111111111111111100000000000000000000011110000000000000000000000111100000000000000000000001111111111111111
1111111111111111111111111000000000000000000000111111111111111111111111111111111111111100000000000000000000011110000000000000000000000111100000000000000000000001111111111111111
1111111111111111111111111000000000000000000000111111111111100000000000000000000011111100000000000000000000011110000000000000000000000111100000000000000000000001111111111111111
1111111111111111111111111000000000000000000000111111111111100000000000000000000011111100000000000000000000011111000000000000000000000111100000000000000000000001111111111111111
1111111111111111111111111000000000000000000000111111111111100000000000000000000011111100000000000000000000011111111111111111111111111111100000000000000000000001111111111111111
1111111111111111111111111000000000000000000000111111111111100000000000000000000011111100000000000000000000011111111111111111111111111111100000000000000000000001111111111111111
1111111111111111111111111000000000000000000000111111111111100000000000000000000011111100000000000000000000011111111111111111111111111111100000000000000000000001111111111111111
1111111111111111111111111000000000000000000000111111111111100000000000000000000011111100000000000000000000011111111111111111111111111111100000000000000000000001111111111111111
1111111111111111111111111000000000000000000000111111111111100000000000000000000011111100000000000000000000011111111111111111111111111111100000000000000000000001111111111111111
1111111111111111111111111000000000000000000000111111111111100000000000000000000011111100000000000000000000011111111111111111111111111111100000000000000000000001111111111111111
1000000000000000000000111000000000000000000000111111111111100000000000000000000011111100000000000000000000011111111111111111111111111111100000000000000000000001111111111111111
1000000000000000000000111000000000000000000000111111111111100000000000000000000011111100000000000000000000011111111111111111111111111111100000000000000000000001111111111111111
1000000000000000000000111000000000000000000000111111111111100000000000000000000011111100000000000000000000011111111111111111111111111111100000000000000000000001111111111111111
1000000000000000000000111000000000000000000000111111111111100000000000000000000011111100000000000000000000011111111111111111111111111111100000000000000000000001111111111111111
1000000000000000000000111000000000000000000000111111111111100000000000000000000011111100000000000000000000011111111111111111111111111111100000000000000000000001111111111111111
1000000000000000000000111000000000000000000000111111111111100000000000000000000011111100000000000000000000011111111111111111111111111111100000000000000000000001111111111111111
1000000000000000000000111000000000000000001001111111111111100000000000000000000011111100000000000000000001011111111111111111111111111111110000000000000000000011111111111111111
1000000000000000000000111111111111111111111111111111111111100000000000000000000011111111111111111111111111111111111111111111111111111111111111111111111111111111111111111111111
1000000000000000000000111111111111111111111111111111111111100000000000000000000011111111111111111111111111111111111111111111111111111111111111111111111111111111111111111111111
1000000000000000000000111111111111111111111111111111111111100000000000000000000011111111111111111111111111111111111111111111111111111111111111111111111111111111111111111111111
1000000000000000000000111111111111111111111111111111111111100000000000000000000011111111111111111111111111111111111111111111111111111111111111111111111111111111111111111111111
1000000000000000000000111111111111111111111111111111111111100000000000000000000011111111111111111111111111111111111111111100000000000000000000011111111111111111111111111111111
1000000000000000000000111111111111111111111111111111111111100000000000000000000011111111111111111111111111111111111111111100000000000000000000011111111111111111111111111111111
1000000000000000000000111111111111111111111111111111111111111111111111111111111111111111111111111111111111111111111111111100000000000000000000011111111111111111111111111111111
1000000000000000000000111111111111111111111111111111111111111111111111111111111111111111111111111111111111111111111111111100000000000000000000011111111111111111111111111111111
1000000000000000000000111111111111111111111111111111111111111111111111111111111111111111111111111111111111111111111111111100000000000000000000011111111111111111111111111111111
1000000000000000000000111111111111111111111111111111111111111111111111111111111111111111111111111111111111111111111111111100000000000000000000011111000000000000000000000111111
1000000000000000000000111111111110000000000000000000001111111111111111111111111111111111111111111111111111111111111111111100000000000000000000011111000000000000000000000111111
1000000000000000000000111111111110000000000000000000001111111111111111111111111111111111111111111111111111111111111111111100000000000000000000011111000000000000000000000111111
1000000000000000000000111111111110000000000000000000001111111111111111111111100000000000000000000011111111111111111111111100000000000000000000011111000000000000000000000111111
1000000000000000000000111111111110000000000000000000001111111111111111111111100000000000000000000011111111111111111111111100000000000000000000011111000000000000000000000111111
1111111111111111111111111111111110000000000000000000001111111111111111111111100000000000000000000011111111111111111111111100000000000000000000011111000000000000000000000111111
1111111111111111111111111111111110000000000000000000001111111111111111111111100000000000000000000011111111111111111111111100000000000000000000011111000000000000000000000111111
1111111111111111111111111111111110000000000000000000001111111111111111111111100000000000000000000011111111111111111111111100000000000000000000011111000000000000000000000111111
1111111111111111111111111111111110000000000000000000001111111111111111111111100000000000000000000011100000000000000000000100000000000000000000011111000000000000000000000111111
1111111111111111111111111111111110000000000000000000001111111111111111111111100000000000000000000011100000000000000000000000000000000000000000011111000000000000000000000111111
1111111111111111111111111111111110000000000000000000001111111111111111111111100000000000000000000011100000000000000000000000000000000000000000011111000000000000000000000111111
1111111111111111111111111111111110000000000000000000001111111111111111111111100000000000000000000011100000000000000000000000000000000000000000011111000000000000000000000111111
1111111111111111111111111111111110000000000000000000001111111111111111111111100000000000000000000011100000000000000000000000000000000000000000011111000000000000000000000111111
1111111111111111111111111111111110000000000000000000001111111111111111111111100000000000000000000011100000000000000000000000000000000000000000011111000000000000000000000111111
1111111111111111111111111111111110000000000000000000001111111111111111111111100000000000000000000011100000000000000000000000000000000000000000011111000000000000000000000111111
1111111111111111111111111111111110000000000000000000001111111111111111111111100000000000000000000011100000000000000000000000000000000000000000011111000000000000000000000111111
1111111111111111111111111111111110000000000000000000001111111111111111111111100000000000000000000011100000000000000000000000000000000000000000111111000000000000000000000111111
1111111111111111111111111111111110000000000000000000001111111111111111111111100000000000000000000011100000000000000000000011111111111111111111111111000000000000000000000111111
1111111111111111111111111111111110000000000000000000001111111111111111111111100000000000000000000011100000000000000000000011111111111111111111111111000000000000000000000111111
1111111111111111111111111111111110000000000000000000001111111111111111111111100000000000000000000011100000000000000000000011111111111111111111111111000000000000000000000111111
1111110000000000000000000000111110000000000000000000001111111111111111111111100000000000000000000011100000000000000000000011111111111111111111111111000000000000000000000111111
1111110000000000000000000000111110000000000000000000001111111111111111111111100000000000000000000011100000000000000000000011111111111111111111111111111111111111111111111111111
1111110000000000000000000000111111111111111111111111111111111111111111111111100000000000000000000011100000000000000000000011111111111111111111111111111111111111111111111111111
1111110000000000000000000000111111111111111111111111111111111111111111111111100000000000000000000011100000000000000000000011111111111111111111111111111111111111111111111111111
1111110000000000000000000000111111111111111111111111111111111111111111111111100000000000000000000111100000000000000000000011111111111111111111111111111111111111111111111111111
1111110000000000000000000000111111111111111111111111111111111111111111111111111111111111111111111111100000000000000000000011111111111111111111111111111111111111111111111111111
1111110000000000000000000000111111111111111111111111111111111111111111111111111111111111111111111111100000000000000000000011111111111111111111111111111111111111111111111111111
1111110000000000000000000000111111111111111111111111111111111111111111111111111111111111111111111111100000000000000000000011111111111111111111111111111111111111111111111111111
1111110000000000000000000000111111111111111111111111111111111111111111111111111111111111111111111111100000000000000000000011111111111111111110000000000000000000001111111111111
1111110000000000000000000000111111111111111111111111111111111111111111111111111111111111111111111111100000000000000000000011111111111111111110000000000000000000001111111111111
1111110000000000000000000000111111111111111100000000000000000000011111111111111111111111111111111111111111111111111111111111111111111111111110000000000000000000001111111111111
1111110000000000000000000000111111111111111100000000000000000000011111111111111111111111111111111111111111111111111111111111111111111111111110000000000000000000001111111111111
1111110000000000000000000000111111111111111100000000000000000000011111111111111111111111111111111111111111111111111111111111111111111111111110000000000000000000001111111111111
1111110000000000000000000000111111111111111100000000000000000000011111111111111111111111111111111111111111111111111111111111111111111111111110000000000000000000001111111111111
1111110000000000000000000000111111111111111100000000000000000000011111111111111111111111111111111111111111111111111111111111111111111111111110000000000000000000001111111111111
1111110000000000000000000000111111111111111100000000000000000000011111111111111111111111111111111111111111111111111111111111111111111111111110000000000000000000001111111111111
1111110000000000000000000000111111111111111100000000000000000000011111111111111111111111111111111111111111111111111111111111111111111111111110000000000000000000001111111111111
1111110000000000000000000000111111111111111100000000000000000000011111111111111111111111111111111111111111111111111111111111111111111111111110000000000000000000001111111111111
1111110000000000000000000000111111111111111100000000000000000000011111111111111111111111111111111111111111111111111111111111111111111111111110000000000000000000001111111111111
1111110000000000000000000000111111111111111100000000000000000000011111111111111111111111111111111111111111111111111111111111111111111111111110000000000000000000001111111111111
1111110000000000000000000000111111111111111100000000000000000000011111111100000000000000000000011111111111111111111111111111111111111111111110000000000000000000001111111111111
1111111111111111111111111111111111111111111100000000000000000000011111111100000000000000000000011111111111111111110000000000000000000001111110000000000000000000001111111111111
1111111111111111111111111111111111111111111100000000000000000000011111111100000000000000000000011111111111111111110000000000000000000001111110000000000000000000001111111111111
1111111111111111111111111111111111111111111100000000000000000000011111111100000000000000000000011111111111111111110000000000000000000001111110000000000000000000001111111111111
1111111111111111111111111111111111111111111100000000000000000000011111111100000000000000000000011111111111111111110000000000000000000001111110000000000000000000001111111111111
1111111111111111111111111111111111111111111100000000000000000000011111111100000000000000000000011111111111111111110000000000000000000001111110000000000000000000001111111111111
1111111111111111111111111111111111111111111100000000000000000000011111111100000000000000000000011111111111111111110000000000000000000001111110000000000000000000001111111111111
1111111111111111111111111111111111111111111100000000000000000000011111111100000000000000000000011111111111111111110000000000000000000001111110000000000000000000001111111111111
1111111111111111111111111111111111111111111100000000000000000000011111111100000000000000000000011111111111111111110000000000000000000001111110000000000000000000001111111111111
1111111111111111111111111111111111111111111100000000000000000000011111111100000000000000000000011111111111111111110000000000000000000001111111111111111111111111111111111111111
1111111111111111111111111111111111111111111100000000000000000000011111111100000000000000000000011111111111111111110000000000000000000001111111111111111111111111111111111111111
1111111111111111111000000000000000000000111100000000000000000000011111111100000000000000000000011111111111111111110000000000000000000001111111111111111110000000000000000000001
1111111111111111111000000000000000000000111111111111111111111111111111111100000000000000000000011111111111111111110000000000000000000001111111111111111110000000000000000000001
1111111111111111111000000000000000000000111111111111111111111111111111111100000000000000000000011111111111111111110000000000000000000001111111111111111110000000000000000000000
1111111111111111111000000000000000000000111111111111111111111111111111111100000000000000000000011111111111111111110000000000000000000001111111111111111110000000000000000000000
1111111111111111111000000000000000000000111111111111111111111111111111111100000000000000000000011111111111111111110000000000000000000001111111111111111110000000000000000000000
1111111111111111111000000000000000000000111111111111111111111111111111111100000000000000000000011111111111111111110000000000000000000001111111111111111110000000000000000000000
1111111111111111111000000000000000000000111111111111111111111111111111111100000000000000000000011111111111111111110000000000000000000001111111111111111110000000000000000000000
1111111111111111111000000000000000000000111111111111111111111111111111111100000000000000000000011111111111111111110000000000000000000001111111111111111110000000000000000000000
1111111111111111111000000000000000000000111111111111111111111111111111111100000000000000000000011111111111111111110000000000000000000001111111111111111110000000000000000000000
1111111111111111111000000000000000000000111111111111111111111111111111111100000000000000000000011111111111111111110000000000000000000001111111111111111110000000000000000000000
1111111111111111111000000000000000000000111111111111111111111111111111111111111111111111111111111111111111111111110000000000000000000001111111111111111110000000000000000000000
1111111111111111111000000000000000000000111111111111111111111111111111111111111111111111111111111111111111111111111111111111111111111111111111111111111110000000000000000000000
1111111111111111111000000000000000000000111111111111111111111111111111111111111111111111111111111111111111111111111111111111111111111111111111111111111110000000000000000000000
1111111111111111111000000000000000000000111111111111111111111111111111111111111111111111111111111111111111111111111111111111100000000000000000000111111110000000000000000000000
1111111111111111111000000000000000000000111111111111111111111111111111111111111100000000000000000000011111111111111111111111000000000000000000000111111110000000000000000000000
1111111111111111111000000000000000000000111111111111111111111111111111111111111100000000000000000000011111111111111111111111000000000000000000000011111110000000000000000000000
1111111111111111111000000000000000000000111111111111111111111111111111111111111100000000000000000000011111111111111111111111000000000000000000000011111110000000000000000000000
1111111111111111111000000000000000000000111111111111111111111111111111111111111100000000000000000000011111111111111111111111000000000000000000000011111110000000000000000000000
1111111111111111111000000000000000000000111111111111111111111111111111111111111100000000000000000000011111111111111111111111000000000000000000000011111110000000000000000000000
1111111111111111111000000000000000000000111111111111111111111111111111111111111100000000000000000000011111111111111111111111000000000000000000000011111110000000000000000000000
1111111111111111111000000000000000000000111111111111111111111111111111111111111100000000000000000000011111111111111111111111000000000000000000000011111110000000000000000000000
1111111111111111111111111111111111111111111111111100000000000000000000001111111100000000000000000000011111111111111111111111000000000000000000000011111111111111111111111111111
1111111111111111111111111111111111111111111111111100000000000000000000001111111100000000000000000000011111111111111111111111000000000000000000000011111111111111111111111111111
1111111111111111111111111111111111111111111111111100000000000000000000001111111100000000000000000000011111111111111111111111000000000000000000000011111111111111111111111111111
1111111111111111111111111111111111111111111111111100000000000000000000001111111100000000000000000000011111111111111111111111000000000000000000000011111111111111111111111111111
1111111111111111111111111111111111111111111111111100000000000000000000001111111100000000000000000000011111111111111111111111000000000000000000000011111111111111111111111111111
1111111111111111111111111111111111111111111111111100000000000000000000001111111100000000000000000000011111111111111111111111000000000000000000000011111111111111111111111111111
1111111111111111111111111111111111111111111111111100000000000000000000001111111100000000000000000000011111111111111111111111000000000000000000000011111111111111111111111111111
1111111111111111111111111111111111111111111111111100000000000000000000001111111100000000000000000000011111111111111111111111000000000000000000000011111111111111111111111111111
1111111111111111111111111111111111111111111111111100000000000000000000001111111100000000000000000000011111111111111111111111000000000000000000000011111111111111111111111111111
1111111111111111111111111111111111111111111111111100000000000000000000001111111100000000000000000000011111111111111111111111000000000000000000000111111111111111111111111111111
1111111111111111111111111111111111111111111111111100000000000000000000001111111100000000000000000000011111111111111111111111000000000000000000000011111111111111111111111111111
1111111111111111111111111111111111111111111111111100000000000000000000001111111100000000000000000000011111111111111111111111000000000000000000000011111111111111111111111111111
1111111111111111111111111111111111111111111111111100000000000000000000001111111100000000000000000000011111111111111111111111000000000000000000000111111111111111111111111111111
1111111111111111111111111111111111111111111111111100000000000000000000001111111100000000000000000000011111111111111111111111111111111111111111111111111111111111111111111111111
1111111111111111111111111111111111111111111111111100000000000000000000001111111111111111111111111111111111111111111111111111111111111111111111111111111111111111111111111111111
1111111111111111111111111111111111111111111111111100000000000000000000001111111111111111111111111111111111111111111111111111111111111111111111111111111111111111111111111111111
1111111111111111111111111111111111111111111111111100000000000000000000001111111111111111111111111111111111111111111111111111111111111111111111111111111111111111111111111111111
1111111111111111111111111111111111111111111111111100000000000000000000001111111111111111111111111111111111111111111111111111111111111111111111111111111111111111111111111111111
1111111111111111111111111111111111111111111111111100000000000000000000001111111111111111111111111111111111111111111111111111111111111111111111111111111111111111111111111111111
1111111111111111111111111111111111111111111111111100000000000000000000001111111111111111111111111111111111111111111111111111111111111111111111111111111111111111111111111111111
1111111111111111111111111111111111111111111111111100000000000000000000001111111111111111111111111111111111111111111111111111111111111111111111111111111111111111111111111111111